AB       0.0059    0.0067    0.0000    0.0008
AC       0.0024    0.0059    0.0141    0.0008
AD       0.0043    0.0082    0.0047    0.0063
AE       0.0000    0.0000    0.0000    0.0008
AF       0.0016    0.0024    0.0039    0.0008
AG       0.0043    0.0082    0.0016    0.0008
AH       0.0008    0.0000    0.0000    0.0004
AI       0.0016    0.0067    0.0102    0.0000
AJ       0.0000    0.0004    0.0000    0.0000
AK       0.0000    0.0043    0.0043    0.0055
AL       0.0102    0.0098    0.0078    0.0208
AM       0.0051    0.0043    0.0059    0.0024
AN       0.0075    0.0137    0.0125    0.0067
AO       0.0004    0.0000    0.0004    0.0000
AP       0.0043    0.0059    0.0039    0.0020
AR       0.0051    0.0141    0.0180    0.0078
AS       0.0027    0.0094    0.0161    0.0012
AT       0.0016    0.0180    0.0075    0.0063
AU       0.0024    0.0086    0.0004    0.0000
AV       0.0016    0.0071    0.0059    0.0000
AW       0.0024    0.0024    0.0035    0.0016
AX       0.0016    0.0024    0.0000    0.0000
AY       0.0000    0.0035    0.0000    0.0063
AZ       0.0004    0.0039    0.0031    0.0004
BA       0.0122    0.0016    0.0016    0.0000
BB       0.0000    0.0012    0.0031    0.0000
BE       0.0098    0.0004    0.0059    0.0027
BH       0.0000    0.0004    0.0000    0.0000
BI       0.0063    0.0004    0.0043    0.0012
BL       0.0133    0.0000    0.0024    0.0000
BO       0.0114    0.0020    0.0031    0.0016
BR       0.0133    0.0000    0.0012    0.0000
BU       0.0075    0.0008    0.0027    0.0000
BY       0.0008    0.0004    0.0000    0.0039
CA       0.0145    0.0031    0.0047    0.0008
CC       0.0000    0.0004    0.0004    0.0000
CE       0.0016    0.0012    0.0055    0.0122
CH       0.0176    0.0004    0.0020    0.0243
CI       0.0031    0.0020    0.0012    0.0000
CK       0.0000    0.0000    0.0039    0.0192
CL       0.0114    0.0000    0.0008    0.0000
CO       0.0118    0.0047    0.0020    0.0000
CR       0.0184    0.0024    0.0016    0.0000
CT       0.0000    0.0016    0.0000    0.0039
CU       0.0063    0.0012    0.0035    0.0000
CY       0.0012    0.0004    0.0000    0.0027
DA       0.0047    0.0008    0.0035    0.0008
DD       0.0000    0.0016    0.0031    0.0000
DE       0.0098    0.0008    0.0118    0.0114
DF       0.0000    0.0004    0.0000    0.0000
DG       0.0000    0.0000    0.0039    0.0000
DI       0.0075    0.0012    0.0035    0.0000
DJ       0.0004    0.0000    0.0000    0.0000
DK       0.0000    0.0000    0.0004    0.0000
DL       0.0000    0.0008    0.0024    0.0000
DM       0.0000    0.0008    0.0000    0.0000
DO       0.0059    0.0012    0.0020    0.0012
DR       0.0102    0.0000    0.0004    0.0000
DS       0.0000    0.0000    0.0008    0.0000
DT       0.0000    0.0000    0.0004    0.0000
DU       0.0027    0.0008    0.0004    0.0000
DW       0.0008    0.0000    0.0000    0.0000
DY       0.0012    0.0004    0.0000    0.0133
EA       0.0039    0.0157    0.0161    0.0004
EB       0.0008    0.0031    0.0004    0.0000
EC       0.0000    0.0051    0.0043    0.0000
ED       0.0016    0.0035    0.0016    0.0682
EE       0.0004    0.0039    0.0149    0.0031
EF       0.0000    0.0024    0.0012    0.0012
EG       0.0008    0.0043    0.0012    0.0004
EI       0.0004    0.0047    0.0016    0.0000
EJ       0.0004    0.0000    0.0000    0.0000
EK       0.0000    0.0000    0.0000    0.0012
EL       0.0039    0.0071    0.0051    0.0145
EM       0.0027    0.0035    0.0016    0.0008
EN       0.0047    0.0086    0.0055    0.0110
EO       0.0000    0.0008    0.0004    0.0012
EP       0.0008    0.0039    0.0027    0.0031
EQ       0.0008    0.0000    0.0000    0.0000
ER       0.0024    0.0090    0.0059    0.0682
ES       0.0004    0.0027    0.0071    0.0008
ET       0.0016    0.0055    0.0004    0.0114
EU       0.0000    0.0004    0.0008    0.0000
EV       0.0024    0.0043    0.0008    0.0000
EW       0.0000    0.0035    0.0004    0.0020
EX       0.0039    0.0016    0.0000    0.0012
EY       0.0004    0.0004    0.0000    0.0051
FA       0.0098    0.0000    0.0004    0.0004
FE       0.0055    0.0000    0.0035    0.0012
FF       0.0000    0.0012    0.0020    0.0059
FI       0.0094    0.0004    0.0020    0.0000
FJ       0.0004    0.0000    0.0000    0.0000
FL       0.0141    0.0000    0.0004    0.0000
FO       0.0071    0.0008    0.0000    0.0000
FR       0.0086    0.0000    0.0000    0.0000
FT       0.0000    0.0008    0.0027    0.0043
FU       0.0039    0.0000    0.0004    0.0004
FY       0.0000    0.0000    0.0000    0.0043
GA       0.0086    0.0020    0.0051    0.0000
GB       0.0000    0.0000    0.0004    0.0000
GE       0.0027    0.0004    0.0075    0.0133
GG       0.0000    0.0004    0.0024    0.0000
GH       0.0008    0.0000    0.0035    0.0035
GI       0.0027    0.0012    0.0035    0.0004
GL       0.0067    0.0016    0.0012    0.0000
GM       0.0000    0.0000    0.0008    0.0004
GN       0.0012    0.0000    0.0004    0.0012
GO       0.0051    0.0004    0.0031    0.0016
GR       0.0165    0.0008    0.0004    0.0000
GS       0.0000    0.0000    0.0004    0.0004
GU       0.0063    0.0000    0.0039    0.0000
GY       0.0000    0.0000    0.0000    0.0043
HA       0.0078    0.0137    0.0000    0.0004
HE       0.0059    0.0114    0.0016    0.0024
HI       0.0031    0.0149    0.0008    0.0000
HL       0.0000    0.0004    0.0000    0.0000
HO       0.0082    0.0129    0.0008    0.0000
HR       0.0000    0.0035    0.0004    0.0000
HT       0.0000    0.0000    0.0000    0.0039
HU       0.0039    0.0039    0.0000    0.0000
HY       0.0016    0.0012    0.0004    0.0031
IA       0.0000    0.0020    0.0035    0.0024
IB       0.0000    0.0020    0.0012    0.0000
IC       0.0012    0.0035    0.0094    0.0114
ID       0.0020    0.0063    0.0043    0.0106
IE       0.0000    0.0039    0.0067    0.0035
IF       0.0000    0.0020    0.0051    0.0008
IG       0.0004    0.0071    0.0027    0.0004
II       0.0000    0.0000    0.0000    0.0004
IK       0.0000    0.0008    0.0012    0.0008
IL       0.0008    0.0090    0.0125    0.0075
IM       0.0020    0.0043    0.0047    0.0012
IN       0.0059    0.0153    0.0227    0.0078
IO       0.0004    0.0016    0.0027    0.0027
IP       0.0000    0.0051    0.0016    0.0016
IQ       0.0000    0.0004    0.0000    0.0000
IR       0.0012    0.0075    0.0078    0.0031
IS       0.0008    0.0055    0.0102    0.0012
IT       0.0004    0.0090    0.0055    0.0082
IU       0.0000    0.0000    0.0008    0.0000
IV       0.0004    0.0067    0.0024    0.0000
IX       0.0000    0.0027    0.0000    0.0012
IZ       0.0000    0.0020    0.0012    0.0000
JA       0.0012    0.0000    0.0000    0.0004
JE       0.0016    0.0004    0.0000    0.0000
JI       0.0012    0.0004    0.0000    0.0000
JO       0.0024    0.0004    0.0008    0.0004
JU       0.0031    0.0000    0.0000    0.0000
KA       0.0020    0.0000    0.0000    0.0012
KE       0.0008    0.0008    0.0110    0.0067
KH       0.0004    0.0000    0.0000    0.0000
KI       0.0016    0.0020    0.0000    0.0004
KL       0.0008    0.0000    0.0004    0.0000
KN       0.0055    0.0000    0.0000    0.0000
KO       0.0004    0.0000    0.0000    0.0004
KR       0.0004    0.0000    0.0000    0.0000
KU       0.0004    0.0012    0.0000    0.0000
KY       0.0000    0.0000    0.0008    0.0137
LA       0.0075    0.0200    0.0063    0.0008
LB       0.0000    0.0008    0.0000    0.0000
LC       0.0000    0.0004    0.0020    0.0000
LD       0.0000    0.0012    0.0012    0.0043
LE       0.0094    0.0106    0.0090    0.0145
LF       0.0000    0.0004    0.0004    0.0004
LG       0.0000    0.0008    0.0008    0.0000
LI       0.0082    0.0137    0.0043    0.0004
LK       0.0000    0.0008    0.0024    0.0016
LL       0.0004    0.0016    0.0071    0.0106
LM       0.0000    0.0000    0.0008    0.0012
LO       0.0094    0.0153    0.0059    0.0008
LP       0.0000    0.0000    0.0004    0.0008
LS       0.0000    0.0000    0.0016    0.0000
LT       0.0000    0.0008    0.0024    0.0055
LU       0.0047    0.0137    0.0004    0.0000
LV       0.0000    0.0000    0.0027    0.0000
LY       0.0016    0.0012    0.0004    0.0204
MA       0.0125    0.0027    0.0012    0.0031
MB       0.0000    0.0031    0.0020    0.0016
MC       0.0000    0.0004    0.0000    0.0000
ME       0.0067    0.0024    0.0082    0.0063
MF       0.0000    0.0000    0.0004    0.0000
MI       0.0082    0.0020    0.0039    0.0000
ML       0.0000    0.0000    0.0008    0.0000
MM       0.0000    0.0000    0.0039    0.0000
MN       0.0000    0.0000    0.0004    0.0000
MO       0.0125    0.0024    0.0024    0.0004
MP       0.0000    0.0020    0.0035    0.0086
MU       0.0067    0.0008    0.0020    0.0000
MY       0.0008    0.0000    0.0000    0.0075
NA       0.0047    0.0059    0.0051    0.0031
NB       0.0000    0.0008    0.0000    0.0000
NC       0.0000    0.0016    0.0102    0.0000
ND       0.0000    0.0024    0.0024    0.0090
NE       0.0031    0.0047    0.0118    0.0102
NF       0.0000    0.0012    0.0000    0.0000
NG       0.0000    0.0027    0.0055    0.0129
NI       0.0027    0.0051    0.0043    0.0000
NJ       0.0000    0.0004    0.0008    0.0000
NK       0.0000    0.0012    0.0027    0.0125
NL       0.0000    0.0016    0.0004    0.0000
NM       0.0000    0.0004    0.0000    0.0000
NN       0.0000    0.0024    0.0051    0.0004
NO       0.0035    0.0047    0.0035    0.0012
NP       0.0000    0.0008    0.0000    0.0000
NR       0.0000    0.0000    0.0004    0.0000
NS       0.0000    0.0016    0.0020    0.0000
NT       0.0000    0.0020    0.0024    0.0149
NU       0.0012    0.0016    0.0031    0.0000
NV       0.0000    0.0008    0.0000    0.0000
NW       0.0000    0.0004    0.0000    0.0000
NY       0.0008    0.0000    0.0004    0.0106
NZ       0.0000    0.0004    0.0000    0.0000
OA       0.0012    0.0063    0.0035    0.0004
OB       0.0004    0.0020    0.0016    0.0012
OC       0.0020    0.0035    0.0047    0.0004
OD       0.0004    0.0043    0.0035    0.0027
OE       0.0000    0.0000    0.0020    0.0008
OF       0.0016    0.0008    0.0012    0.0012
OG       0.0012    0.0035    0.0000    0.0000
OI       0.0008    0.0035    0.0027    0.0000
OK       0.0000    0.0031    0.0031    0.0016
OL       0.0016    0.0075    0.0043    0.0020
OM       0.0000    0.0055    0.0024    0.0035
ON       0.0008    0.0090    0.0102    0.0118
OO       0.0004    0.0114    0.0125    0.0016
OP       0.0020    0.0035    0.0027    0.0031
OR       0.0020    0.0149    0.0114    0.0137
OS       0.0004    0.0035    0.0075    0.0004
OT       0.0008    0.0071    0.0055    0.0043
OU       0.0012    0.0157    0.0075    0.0004
OV       0.0012    0.0055    0.0027    0.0000
OW       0.0004    0.0082    0.0063    0.0035
OX       0.0004    0.0012    0.0008    0.0008
OY       0.0000    0.0016    0.0000    0.0020
OZ       0.0004    0.0012    0.0012    0.0000
PA       0.0133    0.0043    0.0020    0.0000
PE       0.0071    0.0039    0.0122    0.0067
PH       0.0020    0.0004    0.0000    0.0024
PI       0.0078    0.0051    0.0020    0.0000
PL       0.0075    0.0012    0.0027    0.0000
PO       0.0086    0.0051    0.0012    0.0008
PP       0.0000    0.0016    0.0043    0.0000
PR       0.0102    0.0020    0.0000    0.0000
PS       0.0008    0.0004    0.0004    0.0000
PT       0.0000    0.0012    0.0008    0.0043
PU       0.0078    0.0012    0.0012    0.0000
PY       0.0000    0.0000    0.0000    0.0086
QU       0.0075    0.0027    0.0004    0.0000
RA       0.0106    0.0275    0.0071    0.0027
RB       0.0000    0.0012    0.0004    0.0004
RC       0.0000    0.0000    0.0047    0.0000
RD       0.0000    0.0008    0.0020    0.0051
RE       0.0114    0.0149    0.0141    0.0118
RF       0.0000    0.0000    0.0000    0.0012
RG       0.0000    0.0020    0.0035    0.0000
RH       0.0008    0.0000    0.0000    0.0000
RI       0.0063    0.0235    0.0051    0.0000
RK       0.0000    0.0004    0.0016    0.0035
RL       0.0000    0.0000    0.0024    0.0039
RM       0.0000    0.0004    0.0008    0.0027
RN       0.0000    0.0000    0.0016    0.0043
RO       0.0078    0.0227    0.0059    0.0016
RP       0.0000    0.0000    0.0008    0.0020
RR       0.0000    0.0016    0.0043    0.0008
RS       0.0000    0.0004    0.0059    0.0000
RT       0.0000    0.0000    0.0043    0.0078
RU       0.0031    0.0110    0.0043    0.0000
RV       0.0000    0.0000    0.0027    0.0000
RY       0.0000    0.0027    0.0000    0.0118
SA       0.0094    0.0012    0.0012    0.0004
SC       0.0118    0.0004    0.0000    0.0000
SE       0.0063    0.0000    0.0071    0.0204
SH       0.0220    0.0008    0.0024    0.0106
SI       0.0063    0.0008    0.0035    0.0000
SK       0.0039    0.0004    0.0020    0.0016
SL       0.0102    0.0004    0.0004    0.0000
SM       0.0055    0.0000    0.0000    0.0020
SN       0.0075    0.0000    0.0000    0.0000
SO       0.0063    0.0000    0.0020    0.0012
SP       0.0180    0.0000    0.0008    0.0016
SQ       0.0020    0.0000    0.0000    0.0000
SS       0.0000    0.0012    0.0043    0.0075
ST       0.0251    0.0008    0.0078    0.0153
SU       0.0051    0.0012    0.0008    0.0000
SW       0.0086    0.0000    0.0000    0.0000
SY       0.0008    0.0004    0.0000    0.0078
TA       0.0102    0.0075    0.0043    0.0027
TC       0.0000    0.0004    0.0071    0.0000
TD       0.0000    0.0000    0.0004    0.0000
TE       0.0055    0.0031    0.0173    0.0149
TH       0.0094    0.0020    0.0020    0.0122
TI       0.0071    0.0027    0.0047    0.0000
TL       0.0000    0.0004    0.0016    0.0000
TO       0.0090    0.0067    0.0027    0.0024
TR       0.0149    0.0027    0.0016    0.0000
TS       0.0000    0.0000    0.0012    0.0000
TT       0.0000    0.0012    0.0067    0.0000
TU       0.0043    0.0027    0.0016    0.0000
TW       0.0035    0.0000    0.0000    0.0000
TY       0.0004    0.0004    0.0012    0.0180
TZ       0.0000    0.0000    0.0008    0.0012
UA       0.0000    0.0035    0.0024    0.0000
UB       0.0000    0.0035    0.0000    0.0008
UC       0.0000    0.0027    0.0059    0.0000
UD       0.0004    0.0039    0.0024    0.0016
UE       0.0000    0.0024    0.0027    0.0059
UF       0.0000    0.0004    0.0024    0.0000
UG       0.0000    0.0035    0.0035    0.0008
UI       0.0000    0.0067    0.0020    0.0004
UK       0.0000    0.0004    0.0004    0.0000
UL       0.0004    0.0059    0.0047    0.0016
UM       0.0004    0.0082    0.0055    0.0031
UN       0.0094    0.0090    0.0161    0.0008
UO       0.0000    0.0008    0.0000    0.0000
UP       0.0012    0.0027    0.0012    0.0020
UR       0.0012    0.0118    0.0059    0.0035
US       0.0024    0.0075    0.0090    0.0071
UT       0.0004    0.0043    0.0039    0.0075
UV       0.0000    0.0004    0.0004    0.0000
UX       0.0000    0.0004    0.0000    0.0000
UY       0.0000    0.0004    0.0000    0.0000
UZ       0.0000    0.0004    0.0008    0.0000
VA       0.0043    0.0012    0.0012    0.0004
VE       0.0027    0.0020    0.0180    0.0149
VI       0.0055    0.0008    0.0031    0.0000
VO       0.0031    0.0016    0.0020    0.0008
VU       0.0000    0.0000    0.0004    0.0000
VY       0.0004    0.0000    0.0000    0.0016
WA       0.0071    0.0043    0.0004    0.0000
WD       0.0000    0.0000    0.0012    0.0004
WE       0.0024    0.0043    0.0102    0.0000
WF       0.0000    0.0004    0.0000    0.0000
WH       0.0082    0.0000    0.0000    0.0000
WI       0.0059    0.0043    0.0000    0.0000
WK       0.0000    0.0000    0.0004    0.0000
WL       0.0000    0.0000    0.0008    0.0031
WN       0.0000    0.0004    0.0004    0.0055
WO       0.0067    0.0016    0.0000    0.0000
WR       0.0047    0.0000    0.0004    0.0000
WS       0.0000    0.0000    0.0012    0.0000
WU       0.0004    0.0004    0.0000    0.0000
WY       0.0000    0.0000    0.0000    0.0012
XA       0.0000    0.0008    0.0000    0.0000
XC       0.0000    0.0004    0.0000    0.0000
XE       0.0000    0.0000    0.0051    0.0000
XI       0.0000    0.0027    0.0016    0.0000
XO       0.0000    0.0000    0.0004    0.0000
XP       0.0000    0.0004    0.0000    0.0000
XT       0.0000    0.0008    0.0008    0.0000
XU       0.0000    0.0008    0.0004    0.0000
XY       0.0000    0.0000    0.0000    0.0008
YA       0.0004    0.0000    0.0016    0.0000
YB       0.0000    0.0000    0.0004    0.0000
YC       0.0000    0.0008    0.0004    0.0000
YD       0.0000    0.0004    0.0000    0.0004
YE       0.0008    0.0004    0.0035    0.0000
YI       0.0004    0.0016    0.0000    0.0000
YK       0.0000    0.0008    0.0000    0.0000
YL       0.0000    0.0008    0.0031    0.0020
YM       0.0000    0.0012    0.0008    0.0000
YN       0.0000    0.0016    0.0000    0.0000
YO       0.0016    0.0000    0.0012    0.0000
YP       0.0000    0.0008    0.0008    0.0004
YR       0.0000    0.0012    0.0000    0.0004
YS       0.0000    0.0000    0.0008    0.0000
YT       0.0000    0.0000    0.0004    0.0000
YU       0.0004    0.0000    0.0000    0.0000
YW       0.0000    0.0004    0.0000    0.0000
ZA       0.0000    0.0000    0.0004    0.0012
ZE       0.0008    0.0000    0.0043    0.0047
ZI       0.0004    0.0000    0.0004    0.0000
ZM       0.0000    0.0000    0.0004    0.0000
ZO       0.0008    0.0004    0.0004    0.0000
ZU       0.0000    0.0004    0.0000    0.0000
ZY       0.0000    0.0000    0.0000    0.0027
ZZ       0.0000    0.0000    0.0020    0.0004
